#define COMMAND_IDCODE 0x04	//ID编码
01 02 03 04 05 06 07 08 09 10 11 12 13 14 15 16 17 18 19 20 21 22 23 24 25 26 27 28 29 30 31 32 33 34 35 36
00 00 00 00 05 04 06 00 00 00 00 00 00 00 00 00 00 00 00 00 00 00 00 11 89 86 07 B0 01 17 00 29 83 62 03 0C   (36) 
00 00 00 01 00 04 00 00 00 00 00 00 00 00 00 00 00 00 00 00 00 00 00 00 00 00 00 00 00 00 00 00 00 00 00 05
00 00 00 01 05 44 06 00 00 00 00 00 00 00 00 00 00 00 00 00 00 00 00 0F 89 86 07 B0 01 17 00 29 83 62 03 4B   (36)

【共享模式】：

#define COMMAND_SYSTEMINIT 0x09  //系统初始化
01 02 03 04 05 06 07 08 09 10 11 12 13 14 15 16 17 18 19 20 21 22 23 24 25 26 27 28 29 30 31 32 33 34 35 36
00 00 00 01 05 09 01 00 00 00 00 00 00 00 00 00 00 00 00 00 00 00 00 00 00 00 00 00 00 00 00 00 00 00 00 10 
00 00 00 01 05 99 01 00 00 00 00 00 00 00 00 00 00 00 00 00 00 00 00 13 89 86 07 B0 01 17 00 29 83 62 03 9F   (36)

#define COMMAND_DEVICECLOSE 0x01 //关机命令
01 02 03 04 05 06 07 08 09 10 11 12 13 14 15 16 17 18 19 20 21 22 23 24 25 26 27 28 29 30 31 32 33 34 35 36
00 00 00 01 00 01 00 00 00 00 00 00 00 00 00 00 00 00 00 00 00 00 00 00 00 00 00 00 00 00 00 00 00 00 00 02 
00 00 00 01 05 11 04 00 00 00 00 00 00 00 00 00 00 00 00 00 00 00 00 11 89 86 07 B0 01 17 00 29 83 62 03 18   (36)

#define COMMAND_DEVICEOPEN 0x02  //开机命令
01 02 03 04 05 06 07 08 09 10 11 12 13 14 15 16 17 18 19 20 21 22 23 24 25 26 27 28 29 30 31 32 33 34 35 36
00 00 00 01 00 02 00 00 00 00 00 00 00 00 00 00 00 00 00 00 00 00 00 00 00 00 00 00 00 00 00 00 00 00 00 03 
00 00 00 01 05 22 01 00 00 00 00 00 00 00 00 00 00 00 00 00 00 00 00 12 89 86 07 B0 01 17 00 29 83 62 03 27   (36)

#define COMMAND_MODESWITCH 0x08  //模式切换
01 02 03 04 05 06 07 08 09 10 11 12 13 14 15 16 17 18 19 20 21 22 23 24 25 26 27 28 29 30 31 32 33 34 35 36
00 00 00 01 01 09 01 00 00 00 00 00 00 00 00 00 00 00 00 00 00 00 00 00 00 00 00 00 00 00 00 00 00 00 00 0C 
00 00 00 01 01 99 01 00 00 00 00 00 00 00 00 00 00 00 00 00 00 00 00 11 89 86 07 B0 01 17 00 29 83 62 03 99   (36)

#define COMMAND_RECOVERY 0x0A	//恢复出厂设置
01 02 03 04 05 06 07 08 09 10 11 12 13 14 15 16 17 18 19 20 21 22 23 24 25 26 27 28 29 30 31 32 33 34 35 36
00 00 00 00 00 0A 00 00 00 00 00 00 00 00 00 00 00 00 00 00 00 00 00 00 00 00 00 00 00 00 00 00 00 00 00 0A
00 00 00 00 05 04 06 00 00 00 00 00 00 00 00 00 00 00 00 00 00 00 00 13 89 86 07 B0 01 17 00 29 83 62 03 0E   (36)

#define COMMAND_DEVICEINFOR 0x0D //查询设备信息
01 02 03 04 05 06 07 08 09 10 11 12 13 14 15 16 17 18 19 20 21 22 23 24 25 26 27 28 29 30 31 32 33 34 35 36
00 00 00 00 00 0D 00 00 00 00 00 00 00 00 00 00 00 00 00 00 00 00 00 00 00 00 00 00 00 00 00 00 00 00 00 0D
00 00 00 01 05 DD 01 00 00 00 00 00 00 00 00 00 00 00 00 00 00 00 00 11 89 86 07 B0 01 17 00 29 83 62 03 E1   (36)


#define COMMAND_DEVICELOCK 0x0F  //机器锁定命令
01 02 03 04 05 06 07 08 09 10 11 12 13 14 15 16 17 18 19 20 21 22 23 24 25 26 27 28 29 30 31 32 33 34 35 36
00 00 00 00 00 0F 00 00 00 00 00 00 00 00 00 00 00 00 00 00 00 00 00 00 00 00 00 00 00 00 00 00 00 00 00 0F
00 00 00 01 05 FF 0C 00 00 00 00 00 00 00 00 00 00 00 00 00 00 00 00 12 89 86 07 B0 01 17 00 29 83 62 04 0F   (36)
00 00 00 01 05 FF 01 00 00 00 00 00 00 00 00 00 00 00 00 00 00 00 00 12 89 86 07 B0 01 17 00 29 83 62 04 04   (36)

#define COMMAND_USEWATER 0x81	//取水命令
01 02 03 04 05 06 07 08 09 10 11 12 13 14 15 16 17 18 19 20 21 22 23 24 25 26 27 28 29 30 31 32 33 34 35 36
00 00 00 01 00 81 00 00 64 00 00 00 00 00 00 00 00 00 00 00 00 00 00 00 00 00 00 00 00 00 00 00 00 00 00 E6  (1L)
00 00 00 01 05 91 01 00 00 00 00 00 00 00 64 00 00 00 00 00 00 00 00 12 89 86 07 B0 01 17 00 29 83 62 03 FA   (36)
00 00 00 01 05 06 01 00 13 00 00 00 00 00 50 00 00 00 00 00 00 00 00 11 89 86 07 B0 01 17 00 29 83 62 03 6D   (36)
00 00 00 01 05 06 01 00 30 00 00 00 00 00 20 00 00 00 00 00 00 00 00 11 89 86 07 B0 01 17 00 29 83 62 03 5A   (36)
00 00 00 01 05 06 01 00 38 00 00 00 00 00 00 00 00 00 01 00 00 00 00 11 89 86 07 B0 01 17 00 29 83 62 03 43   (36)

00 00 00 01 00 81 00 00 0A 00 00 00 00 00 00 00 00 00 00 00 00 00 00 00 00 00 00 00 00 00 00 00 00 00 00 8C (100ML)
00 00 00 01 05 91 01 00 00 00 00 00 00 00 0A 00 00 00 01 00 00 00 00 11 89 86 07 B0 01 17 00 29 83 62 03 A0   (36)
00 00 00 01 05 06 01 00 2B 00 00 00 00 00 00 00 00 00 01 00 00 00 00 12 89 86 07 B0 01 17 00 29 83 62 03 37   (36)

00 00 00 01 00 81 00 00 32 00 00 00 00 00 00 00 00 00 00 00 00 00 00 00 00 00 00 00 00 00 00 00 00 00 00 B4  (500ML)
00 00 00 01 05 91 01 00 00 00 00 00 00 00 32 00 00 00 01 00 00 00 00 0F 89 86 07 B0 01 17 00 29 83 62 03 C6   (36)
00 00 00 01 05 06 01 00 19 00 00 00 00 00 18 00 00 00 01 00 00 00 00 0F 89 86 07 B0 01 17 00 29 83 62 03 3A   (36)
00 00 00 01 05 06 01 00 1F 00 00 00 00 00 00 00 00 00 01 00 00 00 00 0F 89 86 07 B0 01 17 00 29 83 62 03 28   (36)

#define COMMAND_STOPWATER 0x82	//停水命令 
01 02 03 04 05 06 07 08 09 10 11 12 13 14 15 16 17 18 19 20 21 22 23 24 25 26 27 28 29 30 31 32 33 34 35 36
00 00 00 01 00 82 00 00 00 00 00 00 00 00 00 00 00 00 00 00 00 00 00 00 00 00 00 00 00 00 00 00 00 00 00 83
00 00 00 01 05 92 01 00 00 00 00 00 00 00 05 00 00 00 02 00 00 00 00 11 89 86 07 B0 01 17 00 29 83 62 03 9D   (36)

【私享模式】：
#define COMMAND_SYSTEMINIT 0x09  //系统初始化
01 02 03 04 05 06 07 08 09 10 11 12 13 14 15 16 17 18 19 20 21 22 23 24 25 26 27 28 29 30 31 32 33 34 35 36
00 00 00 01 01 09 01 00 00 00 00 00 00 00 00 00 00 00 00 00 00 00 00 00 00 00 00 00 00 00 00 00 00 00 00 0C
00 00 00 01 01 99 01 00 00 00 00 00 00 00 00 00 00 00 02 00 00 00 00 12 89 86 07 B0 01 17 00 29 83 62 03 9C   (36)

#define COMMAND_DEVICECLOSE 0x01 //关机命令
01 02 03 04 05 06 07 08 09 10 11 12 13 14 15 16 17 18 19 20 21 22 23 24 25 26 27 28 29 30 31 32 33 34 35 36
00 00 00 01 00 01 00 00 00 00 00 00 00 00 00 00 00 00 00 00 00 00 00 00 00 00 00 00 00 00 00 00 00 00 00 02 
00 00 00 01 01 11 04 00 00 00 00 00 00 00 00 00 00 00 02 00 00 00 00 12 89 86 07 B0 01 17 00 29 83 62 03 17   (36)


#define COMMAND_DEVICEOPEN 0x02  //开机命令
01 02 03 04 05 06 07 08 09 10 11 12 13 14 15 16 17 18 19 20 21 22 23 24 25 26 27 28 29 30 31 32 33 34 35 36
00 00 00 01 00 02 00 00 00 00 00 00 00 00 00 00 00 00 00 00 00 00 00 00 00 00 00 00 00 00 00 00 00 00 00 03 
00 00 00 01 01 11 04 00 00 00 00 00 00 00 00 00 00 00 02 00 00 00 00 12 89 86 07 B0 01 17 00 29 83 62 03 17   (36)

#define COMMAND_MODESWITCH 0x08  //模式切换
01 02 03 04 05 06 07 08 09 10 11 12 13 14 15 16 17 18 19 20 21 22 23 24 25 26 27 28 29 30 31 32 33 34 35 36
00 00 00 01 05 09 01 00 00 00 00 00 00 00 00 00 00 00 00 00 00 00 00 00 00 00 00 00 00 00 00 00 00 00 00 10 
00 00 00 01 05 99 01 00 00 00 00 00 00 00 00 00 00 00 02 00 00 00 00 11 89 86 07 B0 01 17 00 29 83 62 03 9F   (36)

#define COMMAND_RECOVERY 0x0A	//恢复出厂设置
01 02 03 04 05 06 07 08 09 10 11 12 13 14 15 16 17 18 19 20 21 22 23 24 25 26 27 28 29 30 31 32 33 34 35 36
00 00 00 00 00 0A 00 00 00 00 00 00 00 00 00 00 00 00 00 00 00 00 00 00 00 00 00 00 00 00 00 00 00 00 00 0A
00 00 00 00 05 AA 00 00 00 00 00 00 00 00 00 00 00 00 02 00 00 00 00 10 89 86 07 B0 01 17 00 29 83 62 03 AD   (36)

#define COMMAND_DEVICEINFOR 0x0D //查询设备信息
01 02 03 04 05 06 07 08 09 10 11 12 13 14 15 16 17 18 19 20 21 22 23 24 25 26 27 28 29 30 31 32 33 34 35 36
00 00 00 00 00 0D 00 00 00 00 00 00 00 00 00 00 00 00 00 00 00 00 00 00 00 00 00 00 00 00 00 00 00 00 00 0D
00 00 00 01 01 DD 01 00 00 00 00 00 00 00 00 00 00 00 02 00 00 00 00 11 89 86 07 B0 01 17 00 29 83 62 03 DF   (36)

#define COMMAND_DEVICELOCK 0x0F  //机器锁定命令
01 02 03 04 05 06 07 08 09 10 11 12 13 14 15 16 17 18 19 20 21 22 23 24 25 26 27 28 29 30 31 32 33 34 35 36
00 00 00 00 00 0F 00 00 00 00 00 00 00 00 00 00 00 00 00 00 00 00 00 00 00 00 00 00 00 00 00 00 00 00 00 0F
00 00 00 01 01 FF 0C 00 00 00 00 00 00 00 00 00 00 00 02 00 00 00 00 11 89 86 07 B0 01 17 00 29 83 62 04 0C   (36)
00 00 00 01 01 FF 01 00 00 00 00 00 00 00 00 00 00 00 02 00 00 00 00 11 89 86 07 B0 01 17 00 29 83 62 04 01   (36)

#define COMMAND_RECHARGE 0x05	//充值命令
01 02 03 04 05 06 07 08 09 10 11 12 13 14 15 16 17 18 19 20 21 22 23 24 25 26 27 28 29 30 31 32 33 34 35 36
00 00 00 01 00 05 00 00 00 00 01 00 00 00 00 00 00 00 00 00 00 00 00 00 00 00 00 00 00 00 00 00 00 00 00 07  (1L)
00 00 00 01 01 55 01 00 00 00 01 00 00 00 01 00 00 00 02 00 00 00 00 11 89 86 07 B0 01 17 00 29 83 62 03 59   (36)

00 00 00 01 01 05 00 00 00 00 C8 00 00 00 00 00 00 00 00 00 00 00 00 00 00 00 00 00 00 00 00 00 00 00 00 D1  (200L)
00 00 00 01 01 55 01 00 00 00 C8 00 00 00 C9 00 00 00 02 00 00 00 00 11 89 86 07 B0 01 17 00 29 83 62 04 E8   (36)

00 00 00 01 00 05 00 00 00 00 0A 00 00 00 00 00 00 00 00 00 00 00 00 00 00 00 00 00 00 00 00 00 00 00 00 10  (10L)
00 00 00 01 01 55 01 00 00 00 0A 00 00 00 D3 00 00 00 02 00 00 00 00 12 89 86 07 B0 01 17 00 29 83 62 04 35   (36)

